City,Cloudiness,Country,Date,Humidity,Lat,Lng,Max Temp,Wind Speed
Ushuaia,40,AR,1586661434,86,-54.8,-68.3,39.18,3.1
Fort nelson,20,CA,1586661435,25,58.81,-122.7,37.38,2.1
Kungurtug,96,RU,1586661435,47,50.6,97.52,44.0,0.65
Mataura,18,NZ,1586661435,51,-46.19,168.86,70.99,4.92
Souillac,0,CA,1586661571,72,60.75,-137.51,30.2,1.19
Kapaa,0,CA,1586661571,72,60.75,-137.51,30.2,1.19
Puerto ayora,40,MU,1586661938,83,-20.52,57.52,79.99,6.7
Jamestown,90,US,1586661328,73,22.08,-159.32,78.78,4.6
Busselton,53,EC,1586661572,87,-0.74,-90.35,78.98,0.89
Fortuna,1,US,1586661286,55,42.1,-79.24,38.98,1.5
Jinxiang,75,AU,1586661572,39,-33.65,115.33,79.99,4.46
Bluff,75,US,1586661573,76,40.6,-124.16,51.98,3.6
Goderich,0,CN,1586661939,54,22.86,115.7,68.99,1.34
Carnarvon,20,NZ,1586661573,51,-46.6,168.33,70.99,4.92
Zhuanghe,83,CA,1586661573,71,43.75,-81.72,42.98,6.18
Vaini,7,AU,1586661378,61,-24.87,113.63,82.38,8.7
Ribeira grande,0,CN,1586661574,49,39.7,122.99,51.53,6.3
Butaritari,40,TO,1586661574,69,-21.2,-175.2,78.78,2.1
Mahebourg,0,PT,1586661940,74,38.52,-28.7,60.94,2.4
Yerbogachen,98,KI,1586661381,75,3.07,172.79,82.99,4.49
Leningradskiy,40,MU,1586661574,83,-20.41,57.7,79.99,6.7
Nanortalik,0,RU,1586661575,73,61.28,108.01,35.62,3.46
Hilo,85,RU,1586661575,91,69.38,178.42,18.26,1.95
Ciudad bolivar,100,GL,1586661575,76,60.14,-45.24,36.88,17.15
Bethel,90,US,1586661575,61,19.73,-155.09,80.58,2.1
Yanan,99,VE,1586661575,55,8.12,-63.55,83.33,7.11
Lavrentiya,1,US,1586661378,69,41.37,-73.41,46.97,2.1
Nantucket,97,RU,1586661576,96,65.58,-171,32.38,4.42
Benghazi,1,US,1586661441,45,41.28,-70.1,46.38,5.7
Kodiak,97,RU,1586661576,96,65.58,-171,32.38,4.42
Sur,79,BR,1586661577,76,-22.97,-42.03,72.39,2.6
Muros,60,LY,1586661578,66,32.12,20.07,59.68,4.29
Rikitea,1,US,1586661441,45,41.28,-70.1,46.38,5.7
Grenaa,0,BR,1586661438,95,-32.03,-52.1,52.99,3.39
Provideniya,100,RU,1586661577,96,73.51,80.55,14.97,4.45
Tiksi,79,BR,1586661577,76,-22.97,-42.03,72.39,2.6
Taolanaro,75,MX,1586661577,63,22.89,-109.91,68.99,4.6
Teguise,60,LY,1586661578,66,32.12,20.07,59.68,4.29
Kruisfontein,90,US,1586661578,86,57.79,-152.41,37.38,9.3
Atuona,100,RU,1586661579,93,64.38,-173.3,32.52,2.81
Qaanaaq,1,OM,1586661578,58,22.57,59.53,79.93,6.32
Barrow,20,AI,1586661578,78,18.22,-63.06,80.58,3.1
Port alfred,90,ES,1586661578,93,42.78,-9.06,54.98,2.67
Burica,91,PF,1586661579,77,-23.12,-134.97,78.53,3.22
Ahuimanu,100,SE,1586661579,62,67.86,20.23,24.78,2.6
Beringovskiy,91,DK,1586661579,75,56.42,10.88,46.97,1.5
Pevek,100,RU,1586661579,93,64.38,-173.3,32.52,2.81
Ho chi minh city,94,RU,1586661579,90,71.69,128.87,6.46,8.93
Bambous virieux,37,ZA,1586661581,69,-33.59,26.89,68.99,1.79
Poum,90,ES,1586661465,68,29.06,-13.56,64.38,4.1
Yangambi,100,ZA,1586661945,54,-34,24.73,60.82,3.72
Boddam,1,US,1586661577,20,43.13,-115.69,51.78,9.8
Tuktoyaktuk,44,PF,1586661580,65,-9.8,-139.03,82.94,2.42
Qeshm,100,GL,1586661581,72,77.48,-69.36,12.16,2.32
Anadyr,100,ZA,1586661581,64,-34.53,20.04,67.98,6.7
Rapid city,90,US,1586661380,92,71.29,-156.79,26.58,8.2
Saldanha,37,ZA,1586661581,69,-33.59,26.89,68.99,1.79
Kushmurun,62,CD,1586661583,87,0.81,24.43,70.61,0.66
Antofagasta,75,US,1586661582,65,21.44,-157.84,82.38,6.7
San patricio,98,RU,1586661582,94,63.05,179.32,14.66,4.61
Punta arenas,6,RU,1586661560,92,69.7,170.31,11.37,6.21
Manali,40,VN,1586661488,62,10.75,106.67,89.58,2.1
Hithadhoo,1,US,1586661582,56,40.6,-77.57,40.98,0.64
Felidhoo,40,MU,1586661583,83,-20.34,57.76,79.99,6.7
Kuche,14,RU,1586661583,63,45.39,47.37,43.36,5.72
New norfolk,87,NC,1586661583,72,-20.23,164.02,79.77,4.88
Bonavista,62,CD,1586661583,87,0.81,24.43,70.61,0.66
Petrolina,100,GB,1586661583,61,57.47,-1.78,46.97,3.6
Albany,20,CA,1586661583,78,69.45,-133.04,8.58,4.6
Vilya,75,IR,1586661584,69,26.96,56.27,78.78,3.1
Arawa,90,RU,1586661584,84,64.75,177.48,8.58,6
Nhulunbuy,90,US,1586661584,86,44.08,-103.23,26.98,6.7
Rocha,100,ZA,1586661584,100,-33.01,17.94,58.98,6.2
Hasaki,51,IS,1586661584,88,64.89,-23.71,33.82,10.38
Esperance,86,KZ,1586661585,75,52.45,64.63,42.1,3
Yellowknife,75,CL,1586661585,72,-23.65,-70.4,66.18,2.6
Louisbourg,75,MX,1586661585,74,19.22,-104.7,78.78,5.29
Alexandria,75,CL,1586661381,87,-53.15,-70.92,42.78,2.6
Constitucion,40,IN,1586661585,79,13.17,80.27,84.18,1
Khatanga,15,MV,1586661586,67,-0.6,73.08,84.49,3.53
Wajir,91,CA,1586661588,93,49.12,-66.49,28.54,3.04
Portland,75,JP,1586661588,66,35.73,140.83,55.38,5.1
Mount isa,75,AU,1586661586,55,-42.78,147.06,60.98,5.7
Narsaq,45,CA,1586661586,85,48.65,-53.11,32.99,5.81
Praia da vitoria,100,BR,1586661317,79,-9.4,-40.5,74.75,4.29
Campina verde,1,US,1586661554,90,42.6,-73.97,37.97,3.6
Avera,77,RU,1586661587,87,55.25,42.21,30.14,5.88
Doka,100,PG,1586661587,74,-6.21,155.54,84.11,1.94
Nikolskoye,23,BR,1586661590,71,-30.18,-50.21,64.4,1.45
Klaksvik,75,AU,1586661587,79,-12.23,136.77,84.18,3.6
Coquimbo,91,CA,1586661588,93,49.12,-66.49,28.54,3.04
Saskylakh,0,UY,1586661588,86,-34.48,-54.33,55.45,1.98
Port elizabeth,75,JP,1586661588,66,35.73,140.83,55.38,5.1
San ramon de la nueva oran,100,AU,1586661588,16,-33.87,121.9,94.98,9.3
Quatre cocos,20,CA,1586661589,44,62.46,-114.35,17.58,6.7
Upernavik,0,BR,1586661591,65,-19.54,-49.49,65.62,0.92
Kozhva,0,EG,1586661368,72,31.22,29.96,58.1,2.19
Simbahan,75,CL,1586661589,81,-35.33,-72.42,52.55,4.48
Paramonga,40,CA,1586661589,42,65.28,-126.83,28.38,1.43
Cockburn harbour,100,RU,1586661377,97,71.97,102.5,17.94,5.25
Qasigiannguit,23,BR,1586661590,71,-30.18,-50.21,64.4,1.45
Cape town,86,KE,1586661406,68,1.75,40.06,79.46,5.04
Ahumada,20,IR,1586661590,62,32.31,54.02,58.98,2.1
Zhigansk,20,US,1586661443,47,45.52,-122.68,56.98,4.1
Chuy,1,AU,1586661590,10,-20.73,139.5,87.78,5.1
Airai,100,GL,1586661591,33,60.92,-46.05,46.38,22.1
Deputatskiy,20,VN,1586661591,79,12.25,109.18,87.78,3.6
Sisimiut,40,PT,1586661591,82,38.73,-27.07,60.78,5.1
Auki,0,BR,1586661591,65,-19.54,-49.49,65.62,0.92
Jogeva,1,US,1586661591,87,33.19,-82.53,60.98,2.05
Hermanus,16,SD,1586661592,35,13.52,35.77,73.83,4.64
Cockburn town,5,CA,1586661592,96,47.67,-52.73,33.98,8.2
Lagoa,6,RU,1586661592,92,59.7,30.79,22.98,1
Madona,99,FO,1586661592,69,62.23,-6.59,37.38,17.5
Inhambane,76,CL,1586661592,82,-29.95,-71.34,58.98,1.5
Kununurra,0,RU,1586661593,91,71.92,114.08,4.93,3.36
Lima,60,ZA,1586661593,45,-33.92,25.57,67.98,6.7
Shelbyville,0,AR,1586661593,94,-23.13,-64.33,63.98,0.97
East london,40,MU,1586661593,83,-20.21,57.76,79.99,6.7
Chokurdakh,94,MX,1586661593,14,24.63,-101.42,68.21,12.16
Shubarkuduk,100,GL,1586661594,86,72.79,-56.15,20.35,1.03
Inndyr,100,RU,1586661594,95,65.11,57.05,17.53,0.93
Muisne,0,PH,1586661594,69,6.3,120.58,83.1,3.27
Kaitong,17,PE,1586661594,76,-10.67,-77.83,73.65,4.18
Itapora,0,PT,1586661597,78,39.05,-27.98,60.83,4.56
Wanparti,100,GL,1586661594,68,68.82,-51.19,28.38,3.1
Aykhal,75,ZA,1586661301,100,-33.93,18.42,63.98,9.8
Hualmay,100,AU,1586661598,49,-15.77,128.73,89.58,3.1
Saint george,71,RU,1586661595,92,66.77,123.37,25.9,6.98
Arlit,0,UY,1586661595,79,-33.7,-53.46,60.8,2.71
Tabialan,97,TL,1586661595,69,-8.93,125.41,66.63,0.42
Krivosheino,73,RU,1586661596,91,69.3,139.9,24.51,7.2
Wakkanai,100,GL,1586661596,81,66.94,-53.67,34.23,3.55
Coahuayana,85,SB,1586661596,71,-8.77,160.7,83.91,0.76
Vila do maio,99,EE,1586661596,86,58.75,26.39,33.98,1.5
Hambantota,100,ZA,1586661375,96,-34.42,19.23,62.98,4.02
Aklavik,62,CR,1586661302,83,10.15,-85.45,72.98,9.83
Kaduy,0,TC,1586661597,79,21.46,-71.14,79.07,6.8
Mariana,0,PT,1586661597,78,39.05,-27.98,60.83,4.56
Okhotsk,81,LV,1586661597,83,56.85,26.22,33.91,2.63
Serra,75,MA,1586661300,87,34.04,-5,58.98,2.6
Geraldton,0,MZ,1586661597,91,-23.86,35.38,69.24,2.44
Kostyantynivka,100,AU,1586661598,49,-15.77,128.73,89.58,3.1
Bentiu,1,PE,1586661961,83,-12.04,-77.03,71.58,4.6
Saint-philippe,1,US,1586661598,58,35.48,-86.46,60.78,3.1
Boyolangu,100,ZA,1586661598,77,-33.02,27.91,69.78,4.1
Zwedru,100,RU,1586661598,97,70.63,147.92,29.87,5.79
Kathu,3,KZ,1586661599,59,49.14,56.49,42.55,4.26
Te anau,75,NO,1586661599,59,67.03,14.03,34.99,8.2
Deh rawud,100,EC,1586661599,86,0.6,-80.03,76.98,0.67
Nguiu,0,CN,1586661599,26,44.81,123.15,62.31,3.75
Ostrovnoy,75,PK,1586661599,47,26,63.04,80.35,1.36
Pendleton,6,BR,1586661600,50,-22.08,-54.79,62.69,2.05
Mwinilunga,0,IN,1586661600,25,16.37,78.07,86.63,1.52
Broken hill,20,RU,1586661600,54,66,111.5,30.18,4
Leshukonskoye,100,AR,1586661600,87,-38,-57.56,57.97,2.1
Honiara,6,PE,1586661600,77,-11.1,-77.61,72.61,3.33
Tumannyy,1,US,1586661594,34,37.1,-113.58,64.38,3.6
Beloha,23,NE,1586661601,14,18.74,7.39,80.35,3.88
Ouahigouya,43,ID,1586661604,63,-8.12,111.89,84.68,1.62
Buala,0,RU,1586661601,76,57.34,83.93,37.74,2.06
Castro,40,JP,1586661601,45,45.41,141.67,44.58,6.7
Kubrat,55,MX,1586661602,78,18.73,-103.68,73.87,1.78
Sitka,46,CV,1586661602,78,15.13,-23.22,73.38,4.1
Georgetown,16,LK,1586661602,74,6.12,81.12,83.26,4.29
Thompson,5,CA,1586661602,53,68.22,-135.01,22.98,2.6
Cherskiy,0,RU,1586661602,89,59.2,37.15,26.29,1.44
Grand river south east,52,BR,1586661603,75,-20.38,-43.42,65.53,1.35
Hay river,53,RU,1586661603,94,59.38,143.3,30.86,3.43
Newport,90,BR,1586661526,88,-20.13,-40.31,73.97,3.1
Ancud,75,AU,1586661603,65,-28.77,114.6,82.97,4.6
Okha,4,UA,1586661603,78,48.53,37.71,36.01,4.58
Namatanai,100,SS,1586661604,24,9.23,29.83,87.8,1.17
Prince rupert,1,US,1586661545,74,43.21,-75.46,35.58,1.5
Verkhnevilyuysk,22,RE,1586661571,73,-21.36,55.77,74.98,3.1
Mabaruma,43,ID,1586661604,63,-8.12,111.89,84.68,1.62
Machico,95,LR,1586661604,89,6.07,-8.13,73.6,0.73
Salvacion,20,TH,1586661605,62,7.92,98.33,89.58,4.6
Kirakira,80,NZ,1586661605,75,-45.42,167.72,56.37,1.66
Grand forks,40,IL,1586661423,82,31.61,34.76,55.38,2.6
Tondon,90,CA,1586661609,72,55.74,-97.86,15.78,5.1
Lahij,0,RU,1586661605,93,68.05,39.51,14.65,4.74
Jamame,90,US,1586661606,21,45.67,-118.79,55.97,2.1
Port macquarie,93,ZM,1586661606,66,-11.74,24.43,60.65,1.84
Kutum,0,AU,1586661606,36,-31.95,141.43,62.58,5.1
Huron,0,RU,1586661606,96,64.9,45.76,20.26,1.13
Itarema,75,SB,1586661455,74,-9.43,159.95,85.98,3.1
Ambovombe,98,PG,1586661610,71,-3.67,152.43,84.27,1.4
Bakchar,100,MG,1586661607,73,-25.17,45.05,71.29,3.05
Bagdarin,75,JP,1586661593,82,28.37,129.48,66.18,7.7
Omsukchan,21,BF,1586661607,31,13.58,-2.42,81.66,2.54
Springdale,81,SB,1586661607,71,-8.14,159.59,84.7,2.2
Shenjiamen,32,BR,1586661608,73,-24.79,-50.01,55.16,2.47
Victoria,0,BG,1586661608,56,43.8,26.5,42.2,2.01
Hobart,85,RU,1586661608,73,60.42,134.53,38.93,2.02
Pontianak,20,US,1586661608,48,57.05,-135.33,44.58,0.69
Vila,40,IL,1586661423,82,31.61,34.76,55.38,2.6
Belushya guba,20,MY,1586661814,63,5.41,100.34,91.38,1
Ahipara,90,CA,1586661609,72,55.74,-97.86,15.78,5.1
Sarangani,80,RU,1586661609,96,68.75,161.3,23.34,7.14
Manta,0,AU,1586661613,35,-31.43,152.92,73.97,3.6
Nola,75,CA,1586661609,57,60.82,-115.8,19.38,1.5
Vila franca do campo,7,GB,1586661609,87,51.59,-3,52.99,2.1
Hobyo,0,CL,1586661610,100,-41.87,-73.82,37.38,2.1
Mys shmidta,1,NA,1586661610,64,-22.96,14.51,69.78,2.1
Rosarito,100,RU,1586661610,95,53.57,142.95,32.07,5.53
Harwich,98,PG,1586661610,71,-3.67,152.43,84.27,1.4
Ishigaki,1,CA,1586661322,31,54.32,-130.32,49.98,4.6
Vostok,99,RU,1586661611,83,63.45,120.32,34.43,4.78
Gumdag,98,GY,1586661611,74,8.2,-59.78,77.03,2.8
Ambon,20,PT,1586661611,67,32.7,-16.77,62.58,4.1
Alofi,11,PH,1586661611,52,7.98,126.13,86.41,1.33
Mao,94,SB,1586661611,72,-10.45,161.92,84.13,2.83
Lebu,56,RU,1586661612,85,69.19,33.25,15.78,2
Hirara,75,US,1586661612,68,47.93,-97.03,30.97,5.1
Mayo,79,NZ,1586661616,73,-35.17,173.17,68.88,8.98
Tarlisua,30,GN,1586661612,82,10.37,-13.35,76.85,0.39
Muli,31,YE,1586661612,72,13.17,44.58,75.59,2.08
Thinadhoo,45,ID,1586661505,62,-3.8,102.27,88.01,1.71
Lompoc,84,SO,1586661613,79,0.07,42.75,81.93,2.12
Ilovlya,0,AU,1586661613,35,-31.43,152.92,73.97,3.6
Nyanguge,100,SD,1586661613,18,14.2,24.67,63.64,3.31
Avarua,1,US,1586661613,49,41.15,-82.55,50.99,4.1
Kangaatsiaq,100,BR,1586661613,88,-2.92,-39.92,77.92,1.31
Yulara,95,PG,1586661614,69,-2.57,150.8,84.34,1.59
Luderitz,100,MG,1586661614,83,-25.17,46.08,70.7,3.97
Thunder bay,71,RU,1586661614,85,57.02,82.07,36.8,1.76
Port hardy,99,RU,1586661614,27,54.43,113.6,54.25,1.52
Sampit,99,RU,1586661614,86,62.53,155.8,19.22,0.51
Nizhneyansk,90,US,1586661567,77,36.19,-94.13,58.98,4.1
Ciras,0,CN,1586661615,64,29.96,122.3,54.34,12.14
Vaitupu,20,HK,1586661429,46,22.29,114.16,71.98,7.7
Dullewala,75,AU,1586661615,55,-42.88,147.33,60.98,5.7
Almeirim,20,ID,1586661615,79,-0.03,109.33,84.18,1.5
Fenoarivo atsinanana,51,AU,1586661615,51,-33.03,137.58,62.58,4.1
Abu kamal,90,PT,1586661616,100,42.03,-8.16,52.99,1
Garwolin,0,MV,1586661622,63,2.92,73.57,85.12,2.83
Herre,79,NZ,1586661616,73,-35.17,173.17,68.88,8.98
Majene,37,PH,1586661616,78,5.4,125.46,81.59,3.23
Humboldt,59,DE,1586661616,66,49.45,6.63,53.58,2.6
Valdivia,90,EC,1586661412,78,-0.95,-80.73,78.78,3.6
Tasiilaq,0,IT,1586661617,87,40.92,14.53,56.98,1
Chumikan,20,PT,1586661617,82,37.72,-25.43,57.18,5.1
Sentyabrskiy,22,SO,1586661617,72,5.35,48.53,82.47,3.61
Tessalit,0,NA,1586661624,87,-26.65,15.16,57.18,3.6
Jacareacanga,90,MX,1586661618,82,32.33,-117.03,61.99,2.6
Katsuura,24,GB,1586661618,76,51.94,1.28,54.98,2.1
Vardo,75,JP,1586661618,77,24.34,124.16,64.38,7.7
Armacao dos buzios,0,RU,1586661618,41,46.49,135.88,43.95,3.31
Pitsunda,38,TM,1586661618,60,39.21,54.59,53.58,2.25
Corner brook,40,ID,1586661619,62,-3.7,128.18,89.58,2.1
Tezu,99,NU,1586661619,69,-19.06,-169.92,82.38,5.7
Rochegda,59,ES,1586661619,87,39.89,4.27,53.58,3.6
Barawe,0,CL,1586661377,74,-37.62,-73.65,51.83,6.04
Lodja,75,JP,1586661620,72,24.8,125.28,66.18,7.2
La baule-escoublac,0,ZA,1586661620,40,-24.59,27.41,63.1,0.56
Lasa,0,MR,1586661620,77,20.93,-17.03,66.18,8.2
Severodvinsk,75,CA,1586661446,68,49.78,-92.75,28.38,3.6
Sao miguel do oeste,1,US,1586661621,70,38.89,-76.51,51.98,1.02
La fleche,78,ID,1586661627,64,-3.54,118.97,83.6,1.4
Sheridan,0,MV,1586661622,63,2.92,73.57,85.12,2.83
Jalu,0,MV,1586661325,64,0.53,72.93,84.16,2.46
Isangel,90,US,1586661622,76,34.64,-120.46,60.98,5.1
Attawapiskat,2,RU,1586661623,82,49.3,43.98,31.98,5
Chara,99,TZ,1586661981,63,-2.55,33.2,65.55,3.84
Cairns,19,BR,1586661345,100,-9.97,-67.81,75.18,0.85
Karamea,100,CK,1586661623,89,-21.21,-159.78,84.18,1
Dhola,100,GL,1586661624,91,68.31,-53.46,29.39,7.38
Antalaha,60,AU,1586661624,11,-25.24,130.99,89.58,3.1
Taltal,0,NA,1586661624,87,-26.65,15.16,57.18,3.6
Srednekolymsk,20,CA,1586661509,51,48.4,-89.32,35.58,3.6
Podsineye,20,CA,1586661625,34,50.7,-127.42,53.58,3.6
Talnakh,42,ID,1586661625,57,-2.53,112.95,90.57,1
Tilichiki,0,AR,1586661630,40,-43.3,-65.1,54.8,2.47
Puerto ayacucho,37,IN,1586661630,18,27.92,96.17,89.87,1.36
Zapotiltic,98,CD,1586661631,85,-3.48,23.43,70.41,0.8
Ilave,99,PK,1586661626,31,31.84,71.44,83.59,1.19
Husavik,90,BR,1586661626,97,-1.52,-52.58,74.62,1.36
Chany,75,MG,1586661626,83,-17.37,49.42,78.78,3.1
Vila velha,0,SY,1586661626,52,34.45,40.92,59.68,4.72
Sainte-maxime,7,MX,1586661624,71,27.98,-114.06,61.09,8.51
Okato,99,RU,1586661626,94,63.46,48.9,22.64,0.95
Troitsko-pechorsk,33,KZ,1586661627,26,45.41,79.92,58.8,0.88
Lucapa,99,PL,1586661627,51,51.9,21.61,45.98,2.6
Karasuk,75,NO,1586661627,100,59.1,9.57,41.99,4.1
Ilinsko-podomskoye,78,ID,1586661627,64,-3.54,118.97,83.6,1.4
Mizan teferi,75,US,1586661627,76,40.67,-123.92,51.98,3.6
Fairhope,0,CL,1586661369,100,-39.81,-73.25,33.78,1
Namibe,99,GL,1586661628,58,65.61,-37.64,26.58,7.7
Xining,30,RU,1586661628,57,54.72,135.31,45.32,2.69
Ballina,18,MG,1586661634,83,-14.9,50.28,76.3,4.72
Denpasar,100,IS,1586661628,83,63.44,-20.27,41.74,6.38
Villa rica,0,ML,1586661629,14,20.2,1.01,77.36,1.93
Atbasar,91,BR,1586661629,91,-6.22,-57.75,73.33,0.71
Wyoming,75,JP,1586661629,66,35.13,140.3,57.97,4.1
Mastung,48,NO,1586661629,94,70.37,31.11,26.15,4.62
Annau,32,NZ,1586661629,52,-46.13,167.68,70.99,5.36
Palmer,65,VE,1586661635,61,7.77,-72.22,68.29,1
Yenagoa,90,US,1586661630,92,64.5,-165.41,30.18,4.6
Komsomolskiy,90,GE,1586661630,87,43.16,40.34,46.38,6
Cayenne,0,AR,1586661630,40,-43.3,-65.1,54.8,2.47
Rawannawi,90,CA,1586661626,96,48.97,-57.95,32.99,7.7
Mahon,37,IN,1586661630,18,27.92,96.17,89.87,1.36
La reforma,8,RU,1586661631,95,62.8,43.25,23.93,1.25
Russell,23,RU,1586661637,76,55.31,76.76,39.18,3.95
Ajdabiya,98,CD,1586661631,85,-3.48,23.43,70.41,0.8
Smithers,90,FR,1586661631,93,47.29,-2.36,51.78,0.5
Tura,5,IT,1586661631,80,46.62,10.7,49.98,2.1
Biak,20,RU,1586661632,92,64.56,39.83,17.58,1.89
Kaitangata,100,RU,1586661638,93,62.71,56.2,26.69,1.9
Brae,0,RU,1586661638,68,53.74,78.04,39.92,4.2
Solwezi,0,FR,1586661632,87,47.7,-0.08,53.58,1.08
Grand gaube,90,US,1586661632,79,44.83,-106.92,24.78,4.1
Santa barbara,0,LY,1586661632,47,29.03,21.55,57.29,2.8
Pata,20,VU,1586661633,55,-19.55,169.27,85.98,2.6
Mandera,3,BR,1586661639,86,-17.71,-39.25,77.99,2.24
Salalah,83,MW,1586661633,68,-11.61,34.29,73.56,2.36
Port keats,100,RU,1586661633,60,56.91,118.26,38.5,1.22
Pangnirtung,95,AU,1586661469,62,-16.92,145.77,88.99,2.1
Kahului,1,US,1586661640,43,33.73,-84.92,60.98,2.03
Svencionys,16,IN,1586661634,23,21.88,71.78,91.27,6.22
Dusti,18,MG,1586661634,83,-14.9,50.28,76.3,4.72
Hunza,7,CL,1586661634,78,-25.4,-70.48,61.46,0.71
Abonnema,33,RU,1586661634,97,67.45,153.68,30.47,4.77
Bilibino,70,BS,1586661641,83,26.54,-77.06,73.31,9.05
Eureka,0,RU,1586661635,52,53.67,91.54,42.78,5
Tabiauea,40,RU,1586661376,80,69.49,88.4,30.18,17
Acarau,97,BR,1586661635,91,-14.87,-39.59,72.23,0.28
Rizhao,0,RU,1586661635,90,60.47,166.1,17.65,2.11
Khirkiya,65,VE,1586661635,61,7.77,-72.22,68.29,1
Mendahara,89,VE,1586661636,80,5.66,-67.62,77.88,1.53
Toliary,90,CA,1586661340,74,45.62,-61.35,37.97,2.6
Zalantun,40,PE,1586661636,78,-13.7,-76.22,73.38,1
Torzhok,1,US,1586661636,22,34.8,-106.54,58.98,7.2
Flin flon,6,MX,1586661636,38,19.62,-103.43,65.98,1.47
Paradise,0,PE,1586661636,19,-16.08,-69.67,41.54,2.77
Halifax,90,IS,1586661637,74,66.04,-17.34,30.18,8.7
Babanusah,23,RU,1586661637,76,55.31,76.76,39.18,3.95
East los angeles,4,ID,1586661644,64,-0.91,122.88,83.98,1.44
Saint-joseph,90,BR,1586661538,88,-20.33,-40.29,73.97,3.1
Kaeo,82,KG,1586661645,28,42.34,78,49.46,1.29
Lianyuan,0,FR,1586661638,50,43.3,6.63,51.78,0.5
Sao felix do xingu,93,NZ,1586661564,70,-39.2,173.88,63.98,6.71
Ilulissat,100,RU,1586661638,93,62.71,56.2,26.69,1.9
Fairview,95,AO,1586661638,75,-8.42,20.74,66.04,1.7
Labuhan,0,RU,1586661638,68,53.74,78.04,39.92,4.2
Parrita,100,RU,1586661638,51,51.68,102.14,39.61,2.04
Saint-tite,96,KE,1586661646,19,3.94,41.87,74.98,0.45
Selikhino,63,ET,1586661639,64,6.98,35.58,62.6,1.27
Pljevlja,1,US,1586661639,82,30.52,-87.9,69.98,1.5
Klyuchi,31,AO,1586661639,66,-15.2,12.15,75.81,2.29
Mount gambier,3,BR,1586661639,86,-17.71,-39.25,77.99,2.24
San anselmo,86,CN,1586661640,16,36.62,101.77,47.73,1.17
Marcona,17,MY,1586661640,55,5.03,118.33,89.56,0.88
Meulaboh,6,AU,1586661640,53,-28.87,153.57,73.38,6.7
Price,40,ID,1586661433,79,-8.65,115.22,85.98,2.1
Port neches,1,US,1586661640,43,33.73,-84.92,60.98,2.03
Elat,42,CN,1586661640,14,42.8,93.45,64.9,3.35
Petropavlovsk-kamchatskiy,100,KZ,1586661641,64,51.8,68.33,41.75,5.87
Umzimvubu,100,US,1586661578,87,43,-107.5,23.99,4.92
Hurghada,81,PK,1586661641,24,29.8,66.84,67.57,2.3
Nsanje,90,TM,1586661641,87,37.89,58.52,51.78,2.1
Porto walter,70,BS,1586661641,83,26.54,-77.06,73.31,9.05
Dingle,1,US,1586661641,41,42.16,-72.33,39.97,3.1
Lata,70,NG,1586661642,93,4.92,6.26,76.28,2.03
Touros,66,UZ,1586661642,62,40.43,71.72,57.18,2.1
Puri,75,GF,1586661603,83,4.93,-52.33,78.78,3.76
Junqueiro,0,RU,1586661650,94,57.04,34.96,29.5,1.87
Fare,59,ES,1586661619,87,39.89,4.27,53.58,3.6
Longyearbyen,20,MX,1586661643,68,25.08,-108.05,66.18,2.1
Grindavik,100,NZ,1586661598,64,-45.87,170.5,64.97,6.33
Swan hill,1,US,1586661643,81,32.35,-85.2,62.58,2.23
Saleaula,0,RU,1586661643,56,56.95,90.67,43.43,3.84
Acapulco,0,LY,1586661643,57,30.76,20.23,57.23,3.33
Kuching,5,CA,1586661644,26,54.78,-127.17,46.38,3.1
Susanville,100,CA,1586661644,84,53.4,-117.59,20.62,2.22
College,1,IN,1586661644,24,25.52,90.22,88.59,1.7
Vanimo,4,ID,1586661644,64,-0.91,122.88,83.98,1.44
Antsirabe,40,CA,1586661644,73,52.32,-106.57,19.38,3.1
Coracora,86,NZ,1586661644,64,-46.28,169.85,64.97,6.46
Halalo,82,KG,1586661645,28,42.34,78,49.46,1.29
Port-de-paix,100,GB,1586661645,81,60.4,-1.35,46.38,12.3
Challans,89,ZM,1586661645,66,-12.17,26.39,59.57,2.03
Pokhara,90,US,1586661653,32,44.94,-91.39,53.58,1.5
Ucluelet,40,MU,1586661646,83,-20.01,57.66,79.99,6.7
Saint-augustin,1,US,1586661580,77,34.42,-119.7,60.98,2.6
Encruzilhada,66,PH,1586661646,63,17.72,121.5,85.19,2.72
Necochea,0,RU,1586661646,94,63.74,34.32,23.5,1.64
Socorro,96,KE,1586661646,19,3.94,41.87,74.98,0.45
Henties bay,75,OM,1586661646,74,17.02,54.09,82.38,5.1
Pagudpud,93,AU,1586661647,59,-14.25,129.55,88.84,2.86
Lorengau,100,CA,1586661647,88,66.15,-65.71,25.3,3.65
Tumpat,67,ID,1586661647,64,-7.75,112.01,85.39,1.97
Lixourion,40,US,1586661647,61,20.89,-156.47,80.58,5.7
Tambun,79,LT,1586661647,80,55.15,26.17,32.68,2.77
Atkinson,75,TJ,1586661648,77,37.35,68.66,60.78,1
Shakhunya,83,DK,1586661656,89,57.33,10.52,44.98,0.89
Artyk,40,NG,1586661648,94,4.71,6.79,76.98,3.06
Khonuu,75,JP,1586661364,76,34.98,139.87,58.98,7.7
Harper,91,RU,1586661648,87,68.05,166.44,16.39,1.4
Sinnamary,75,US,1586661649,76,40.8,-124.16,51.98,3.6
Bandar maharani,40,US,1586661657,76,37.34,-121.89,57.97,3.6
Iqaluit,100,BR,1586661649,89,-2.89,-40.12,77.54,1.16
Astorga,0,CN,1586661649,31,35.43,119.46,61.07,7.44
Amapa,99,PG,1586661649,75,-3.14,142.35,84.63,2.36
Bull savanna,0,IN,1586661650,13,22.17,76.86,91.61,0.3
Lieksa,60,PF,1586661658,70,-16.7,-151.02,83.42,4.9
Peyima,51,IS,1586661617,80,63.84,-22.43,35.58,0.5
Nemuro,0,CN,1586662005,21,48,122.72,64.27,2.97
Bahia de caraquez,0,RU,1586662005,94,57.04,34.96,29.5,1.87
Praia,86,CA,1586662006,91,54.77,-101.86,9.64,1.84
San fernando,75,US,1586662006,30,36.1,-115.15,71.58,5.7
Gold coast,90,CA,1586662006,69,44.65,-63.57,37.97,5.1
Lake city,75,US,1586661660,35,64.86,-147.8,46.38,0.65
Yushala,1,US,1586661902,66,34.27,-86.21,58.98,2.1
Leh,75,US,1586662007,72,34.02,-118.17,60.98,2.1
Chatellerault,19,RE,1586661971,73,-21.37,55.62,74.98,3.1
Ugoofaaru,0,ML,1586661997,15,22.68,-3.98,81.03,2.73
Wasilla,79,NZ,1586662002,88,-35.1,173.78,66.97,3.58
Viedma,22,CN,1586662008,47,27.69,111.66,60.82,1.55
Batagay,97,BR,1586662008,91,-6.64,-51.99,73.99,0.22
Touho,1,US,1586662008,55,33.82,-78.68,64.97,4.6
Akdepe,86,GL,1586661925,68,69.22,-51.1,28.38,3.1
Fougeres,1,US,1586662008,31,40.81,-74,50.99,1.5
Ouegoa,49,ID,1586662009,68,-6.88,112.21,85.67,2.28
Orange cove,75,CR,1586661712,64,9.52,-84.32,75.18,4.1
Constantine,90,US,1586661722,32,44.94,-91.39,53.58,1.5
Korba,1,CA,1586662009,55,46.73,-72.57,33.78,2.1
San juan,0,RU,1586662009,50,50.37,137.5,47.95,3.25
Lazaro cardenas,0,ME,1586662010,69,43.33,19.33,39.18,0.45
Clyde river,23,RU,1586662010,56,52.27,79.17,44.27,3.62
Hiranagar,90,AU,1586662010,67,-37.83,140.77,57.18,4.1
Sayyan,90,US,1586662010,87,37.97,-122.56,55.38,2.42
Nisia floresta,1,US,1586661664,48,42.84,-71.15,43.99,3.1
Nkhotakota,56,ID,1586661894,72,4.14,96.13,84.92,0.84
Mehran,67,RU,1586662011,96,67.68,53.15,13.01,4.25
Aleksandrov gay,75,US,1586662011,49,39.6,-110.81,49.98,4.1
Severo-kurilsk,90,US,1586661977,88,29.99,-93.96,73.38,7.7
Laguna,0,IL,1586662011,61,29.56,34.95,60.64,3.44
Cabedelo,40,RU,1586661787,55,53.05,158.65,39.18,4
Flinders,100,GF,1586661666,79,5.38,-52.95,78.94,5.84
Sabha,83,DK,1586662012,89,57.33,10.52,44.98,0.89
Khash,21,EG,1586662012,49,27.26,33.81,66.22,6.43
Dandong,53,MW,1586662012,90,-16.92,35.26,65.5,1.16
Moerai,99,BR,1586662012,89,-8.27,-72.74,73.88,0.27
Palu,23,PH,1586661909,56,11,122.67,87.62,3.09
Cap malheureux,75,PT,1586661943,93,40.16,-8.33,56.98,2.6
Bongaree,40,US,1586662001,76,37.34,-121.89,57.97,3.6
Skagastrond,20,BR,1586662012,94,-5.2,-35.46,76.98,1.5
Arcata,17,GB,1586661658,93,51.38,1.39,55.97,3.1
Agva,0,IN,1586662013,70,19.8,85.85,85.98,1
Limoges,0,CN,1586662014,33,40.62,120.72,58.39,8.97
Makueni,82,BR,1586662014,90,-9.93,-36.48,73.94,2.47
Zhicheng,60,PF,1586661977,70,-16.7,-151.02,83.42,4.9
Pierre,20,SJ,1586661744,69,78.22,15.64,-9.42,2.15
Sioux lookout,51,IS,1586661617,80,63.84,-22.43,35.58,0.5
Raudeberg,1,CA,1586662015,63,45.58,-70.88,30.18,2.1
Savannah bight,0,AU,1586661757,39,-35.34,143.55,63.46,3.63
Horadiz,59,RU,1586661744,56,57.08,64.26,42.78,3
Najran,5,MX,1586662015,88,16.86,-99.89,76.98,3.1
Romny,40,MY,1586662015,74,1.55,110.33,87.78,1.5
Warrnambool,1,US,1586662015,45,40.42,-120.65,62.58,3.6
Samana,75,US,1586662016,35,64.86,-147.8,46.38,0.65
Jiddah,92,PG,1586661924,80,-2.67,141.3,83.71,2.68
Mrirt,90,MG,1586662016,58,-19.85,47.03,52.77,1.58
Banjar,14,PE,1586662016,28,-15.03,-73.78,48.54,0.69
Borshchiv,77,NC,1586661746,67,-20.78,165.23,81.23,2.83
Bad schwalbach,0,FR,1586661747,87,48.35,-1.2,53.58,3.1
Rio gallegos,0,FR,1586662017,100,46.84,-1.87,49.98,1.5
Makakilo city,18,RU,1586662017,55,51.82,79.72,43.95,3.78
Ariano irpino,0,NP,1586662017,13,28.23,83.98,79.55,0.68
Ust-kulom,0,CA,1586662017,69,48.93,-125.55,53.98,1.88
Olinda,75,CA,1586662017,97,51.23,-58.65,27.95,2.87
Picsi,29,BR,1586662018,80,-15.53,-40.91,67.76,1.28
Dutlwe,95,AR,1586662018,89,-38.55,-58.74,58.98,0.89
Huarmey,40,US,1586662018,17,31.65,-106.3,66.18,7.7
Goulburn,3,NA,1586662018,86,-22.12,14.28,63.98,0.89
Ayr,1,US,1586662018,66,36.29,-76.25,57.18,3.6
Mezen,20,PH,1586662019,74,18.56,120.79,84.18,5.7
Emerald,51,PG,1586662017,71,-2.02,147.27,84.79,1.33
Araouane,40,MY,1586662019,63,6.2,102.17,91.38,3.1
Teruel,0,GR,1586662019,29,38.2,20.43,59.99,1.34
Swellendam,40,ID,1586662019,62,-6.26,107.07,89.58,1.5
Abu zabad,1,US,1586662019,48,42.84,-71.15,43.99,3.1
Playa vicente,100,MZ,1586662020,86,-14.54,40.67,73.85,5
Seminole,18,VE,1586662020,77,11.7,-70.2,79.86,12.46
Presque isle,1,SO,1586661665,74,2.04,45.34,83.21,4.31
Adre,100,RU,1586662020,91,57.68,46.61,30.22,5.62
Lagunas,0,LY,1586661751,26,27.04,14.43,65.57,6.85
Ponta do sol,95,IR,1586661751,20,28.22,61.22,71.62,1.93
Jiazi,13,LR,1586662004,84,4.38,-7.72,78.58,0.28
Revelstoke,100,GF,1586661933,79,5.38,-52.95,78.94,5.84
Kamenskoye,90,US,1586661997,76,36.62,-121.92,56.98,2.1
Sinkat,1,AU,1586661522,50,-27.08,153.16,80.98,6.7
Lufilufi,90,CA,1586661601,79,63.75,-68.51,22.98,5.7
Bandundu,0,BR,1586662022,70,-23.23,-51.67,60.44,2.14
Billings,100,BR,1586662021,94,1,-52,73.4,0.91
Zaysan,59,JM,1586662022,80,17.89,-77.59,74.5,2.31
Uthal,96,MA,1586661667,71,29.58,-9.5,57.65,2.02
Mombetsu,35,FI,1586662022,92,63.32,30.02,24.89,2.21
Mergui,78,ZA,1586662012,52,-34.05,23.37,65.77,4.12
Xuddur,50,SL,1586662023,84,8.7,-11.03,72.17,0.35
Marawi,40,JP,1586661743,52,43.32,145.57,40.98,1.5
Borogontsy,90,EC,1586661743,78,-0.6,-80.42,78.78,3.6
San jeronimo,21,RU,1586661743,55,54.34,101.5,39.74,2.49
Miles city,23,CV,1586661656,78,14.92,-23.51,73.38,4.1
